data created:, 08-Jan-2019
monthly global mean of baseline data from AGAGE GC-MD data
CREDIT FOR USE: This is a formal notification for data users. 
For scientific purposes access to these data is unlimited and 
provided without charge. By their use you accept that an offer 
of co-authorship will be made through personal contact with the
data providers or owners whenever substantial use is made of 
their data. In all cases an acknowledgement must be made to the
data providers or owners and the data centre when these data are
used within a publication.
CONTACT POINT:  raywang@eas.gatech.edu, rprinn@mit.edu, rfweiss@ucsd.edu
You can use the following format in Fortran to read data in different columns, (F9.3, I4, I6, 8(f11.3,f9.3))
   scale: ---   ---       SIO-05      ---       SIO-05      ---       SIO-05      ---       SIO-05      ---       SIO-05      ---       SIO-16      ---   Tohoku-Uni      ---       SIO-98      ---
    unit: ---   ---          ppt      ---          ppt      ---          ppt      ---          ppt      ---          ppt      ---          ppb      ---          ppb      ---          ppt      ---
     time  MM  YYYY       CFC-11      ---       CFC-12      ---      CFC-113      ---      CH3CCl3      ---         CCl4      ---          N2O      ---          CH4      ---        CHCl3      ---
 1978.542   7  1978      147.067    6.349      268.552   11.092        0.000    0.000       71.805   10.458       88.972    1.348      299.316    0.823        0.000    0.000        0.000    0.000
 1978.625   8  1978      148.527    5.784      269.862   11.241        0.000    0.000       71.088   10.246       89.489    1.784      299.441    0.561        0.000    0.000        0.000    0.000
 1978.708   9  1978      148.925    5.412      271.445    9.476        0.000    0.000       69.845    8.760       89.393    1.479      299.889    0.490        0.000    0.000        0.000    0.000
 1978.792  10  1978      149.670    5.189      273.775    9.159        0.000    0.000       70.845    8.261       88.964    1.188      300.557    0.582        0.000    0.000        0.000    0.000
 1978.875  11  1978      150.647    4.904      276.780    7.185        0.000    0.000       71.945    7.771       88.941    0.657      300.598    0.467        0.000    0.000        0.000    0.000
 1978.958  12  1978      152.607    5.623      280.265    8.520        0.000    0.000       74.768    9.833       90.429    1.471      300.255    0.528        0.000    0.000        0.000    0.000
 1979.042   1  1979      153.245    4.635      283.425    8.146        0.000    0.000       74.405    8.975       91.107    1.915      301.152    0.463        0.000    0.000        0.000    0.000
 1979.125   2  1979      152.836    4.366      283.455    7.830        0.000    0.000       74.290    9.603       90.733    2.051      301.215    0.451        0.000    0.000        0.000    0.000
 1979.208   3  1979      152.893    4.699      284.052    7.396        0.000    0.000       74.815    9.230       89.528    1.213      300.630    0.256        0.000    0.000        0.000    0.000
 1979.292   4  1979      154.167    4.881      285.533    7.573        0.000    0.000       75.941    9.633       90.063    1.294      300.577    0.283        0.000    0.000        0.000    0.000
 1979.375   5  1979      155.072    5.354      286.657    8.251        0.000    0.000       76.582    9.587       90.854    1.887      300.672    0.456        0.000    0.000        0.000    0.000
 1979.458   6  1979      155.525    5.281      286.920    7.935        0.000    0.000       76.620    9.148       90.952    1.991      300.840    0.353        0.000    0.000        0.000    0.000
 1979.542   7  1979      156.427    5.586      289.312    9.026        0.000    0.000       76.863    9.113       91.018    1.863      300.637    0.154        0.000    0.000        0.000    0.000
 1979.625   8  1979      157.453    5.588      291.990    9.326        0.000    0.000       78.075    9.075       90.879    1.832      300.420    0.131        0.000    0.000        0.000    0.000
 1979.708   9  1979      157.625    5.464      291.580    8.618        0.000    0.000       76.977    8.067       90.659    1.652      300.657    0.286        0.000    0.000        0.000    0.000
 1979.792  10  1979      158.609    5.495      293.930    9.400        0.000    0.000       78.702    8.512       91.189    1.453      300.882    0.383        0.000    0.000        0.000    0.000
 1979.875  11  1979      159.629    5.414      295.900    9.961        0.000    0.000       80.055    8.640       90.971    2.093      300.990    0.230        0.000    0.000        0.000    0.000
 1979.958  12  1979      160.264    5.486      296.553    9.286        0.000    0.000       79.574    9.936       91.959    2.001      300.862    0.292        0.000    0.000        0.000    0.000
 1980.042   1  1980      161.303    5.039      297.938    8.387        0.000    0.000       81.455   10.163       92.595    2.118      300.952    0.281        0.000    0.000        0.000    0.000
 1980.125   2  1980      161.702    4.584      299.283    6.994        0.000    0.000       81.607    9.482       92.195    1.909      300.735    0.192        0.000    0.000        0.000    0.000
 1980.208   3  1980      163.217    4.962      302.040    7.710        0.000    0.000       83.545   10.276       92.592    2.142      301.050    0.335        0.000    0.000        0.000    0.000
 1980.292   4  1980      163.974    4.897      303.579    7.538        0.000    0.000       83.678   10.266       92.440    1.742      300.561    0.182        0.000    0.000        0.000    0.000
 1980.375   5  1980      164.995    4.745      304.787    7.555        0.000    0.000       84.726    9.728       92.791    1.734      300.329    0.463        0.000    0.000        0.000    0.000
 1980.458   6  1980      165.288    4.770      306.788    8.388        0.000    0.000       85.175    9.532       92.704    1.700      300.700    0.302        0.000    0.000        0.000    0.000
 1980.542   7  1980      166.001    4.683      309.240    8.926        0.000    0.000       85.181    8.898       92.421    1.816      301.151    0.358        0.000    0.000        0.000    0.000
 1980.625   8  1980      166.760    4.789      309.900    8.539        0.000    0.000       84.971    8.050       92.425    1.794      300.926    0.284        0.000    0.000        0.000    0.000
 1980.708   9  1980      167.635    4.665      311.158    8.645        0.000    0.000       84.935    7.574       92.491    1.653      301.452    0.265        0.000    0.000        0.000    0.000
 1980.792  10  1980      167.726    4.821      311.000    9.679        0.000    0.000       86.156    8.136       92.428    1.967      301.841    0.690        0.000    0.000        0.000    0.000
 1980.875  11  1980      169.544    4.575      313.304    8.785        0.000    0.000       87.565    8.679       93.091    1.893      301.807    0.270        0.000    0.000        0.000    0.000
 1980.958  12  1980      170.126    4.320      314.415    8.572        0.000    0.000       87.901    8.666       93.400    1.925      301.496    0.175        0.000    0.000        0.000    0.000
 1981.042   1  1981      170.785    4.178      315.323    8.237        0.000    0.000       87.711    8.382       93.659    1.974      301.406    0.187        0.000    0.000        0.000    0.000
 1981.125   2  1981      170.990    4.415      315.801    8.536        0.000    0.000       88.509    8.569       93.533    2.263      301.099    0.192        0.000    0.000        0.000    0.000
 1981.208   3  1981      171.233    3.947      315.771    7.494        0.000    0.000       88.055    7.852       93.792    2.314      301.159    0.168        0.000    0.000        0.000    0.000
 1981.292   4  1981      172.077    4.488      318.004    8.186        0.000    0.000       89.368    8.876       94.120    2.404      301.567    0.324        0.000    0.000        0.000    0.000
 1981.375   5  1981      172.707    4.506      319.049    7.977        0.000    0.000       89.997    9.241       94.091    2.428      301.259    0.327        0.000    0.000        0.000    0.000
 1981.458   6  1981      173.293    4.109      319.789    7.552        0.000    0.000       90.099    8.679       93.919    2.032      301.004    0.353        0.000    0.000        0.000    0.000
 1981.542   7  1981      173.981    4.436      321.177    8.300        0.000    0.000       89.978    8.618       94.041    2.078      300.592    0.485        0.000    0.000        0.000    0.000
 1981.625   8  1981      175.092    4.542      324.095    8.424        0.000    0.000       89.899    8.063       94.032    1.861      301.200    0.442        0.000    0.000        0.000    0.000
 1981.708   9  1981      176.238    4.535      326.139    8.249        0.000    0.000       90.321    7.948       94.037    1.929      301.467    0.448        0.000    0.000        0.000    0.000
 1981.792  10  1981      177.000    4.718      327.391    9.201        0.000    0.000       90.585    8.240       93.881    2.306      301.626    0.554        0.000    0.000        0.000    0.000
 1981.875  11  1981      178.092    4.720      328.851    9.065        0.000    0.000       90.863    8.241       94.173    2.403      301.989    0.465        0.000    0.000        0.000    0.000
 1981.958  12  1981      178.979    4.408      329.761    7.764        0.000    0.000       91.870    8.491       94.030    1.904      302.013    0.317        0.000    0.000        0.000    0.000
 1982.042   1  1982      178.926    4.035      331.180    7.253        0.000    0.000       92.240    8.623       94.069    1.629      302.441    0.303        0.000    0.000        0.000    0.000
 1982.125   2  1982      179.182    4.134      332.114    7.109        0.000    0.000       92.869    8.421       94.314    1.259      302.764    0.263        0.000    0.000        0.000    0.000
 1982.208   3  1982      179.445    4.368      333.049    7.262        0.000    0.000       93.119    9.037       94.258    1.254      302.906    0.308        0.000    0.000        0.000    0.000
 1982.292   4  1982      180.219    4.491      335.348    7.964        0.000    0.000       94.991   10.049       94.647    1.412      303.372    0.569        0.000    0.000        0.000    0.000
 1982.375   5  1982      180.930    4.202      336.247    7.518        0.000    0.000       94.764    9.114       94.921    1.346      303.686    0.618        0.000    0.000        0.000    0.000
 1982.458   6  1982      181.695    4.011      338.541    7.982        0.000    0.000       95.010    8.752       94.996    1.349      304.057    0.748        0.000    0.000        0.000    0.000
 1982.542   7  1982      182.257    4.180      339.486    8.168        0.000    0.000       95.298    8.855       95.089    1.492      303.925    0.588        0.000    0.000        0.000    0.000
 1982.625   8  1982      183.222    4.266      341.136    7.948        0.000    0.000       94.706    7.776       95.229    1.536      303.549    0.203        0.000    0.000        0.000    0.000
 1982.708   9  1982      183.748    4.279      342.401    8.303        0.000    0.000       94.165    7.340       95.086    1.572      303.495    0.249        0.000    0.000        0.000    0.000
 1982.792  10  1982      184.766    4.626      343.974    8.553        0.000    0.000       94.981    7.928       95.368    1.675      303.680    0.308        0.000    0.000        0.000    0.000
 1982.875  11  1982      185.643    4.846      345.950    8.387        0.000    0.000       95.601    8.465       95.139    1.899      303.785    0.326        0.000    0.000        0.000    0.000
 1982.958  12  1982      186.093    4.839      348.024    9.038        0.000    0.000       96.756    9.663       95.556    2.189      303.671    0.258        0.000    0.000        0.000    0.000
 1983.042   1  1983      186.457    4.484      348.256    8.045        0.000    0.000       96.130    9.041       95.640    2.025      303.693    0.217        0.000    0.000        0.000    0.000
 1983.125   2  1983      187.008    4.277      349.042    7.930        0.000    0.000       96.060    9.072       95.919    2.007      303.736    0.352        0.000    0.000        0.000    0.000
 1983.208   3  1983      187.975    4.135      350.259    7.518        0.000    0.000       96.788    8.666       96.315    1.786      303.671    0.428        0.000    0.000        0.000    0.000
 1983.292   4  1983      189.051    4.630      351.188    7.751        0.000    0.000       98.339    9.743       95.875    1.508      303.633    0.392        0.000    0.000        0.000    0.000
 1983.375   5  1983      189.723    4.588      352.489    7.656        0.000    0.000       98.842    9.505       95.821    1.420      303.469    0.343        0.000    0.000        0.000    0.000
 1983.458   6  1983      190.475    4.466      353.889    6.979        0.000    0.000       98.728    8.833       95.745    1.392      303.263    0.303        0.000    0.000        0.000    0.000
 1983.542   7  1983      191.598    4.759      356.244    7.586        0.000    0.000       99.030    8.535       95.779    1.421      303.375    0.312        0.000    0.000        0.000    0.000
 1983.625   8  1983      192.671    5.202      359.415    7.978        0.000    0.000       99.121    8.264       96.293    1.565      303.864    0.170        0.000    0.000        0.000    0.000
 1983.708   9  1983      192.798    4.635      360.628    7.928        0.000    0.000       98.471    7.433       96.339    1.587      303.639    0.139        0.000    0.000        0.000    0.000
 1983.792  10  1983      193.536    4.814      362.019    8.018        0.000    0.000       98.614    7.671       96.539    1.756      303.579    0.121        0.000    0.000        0.000    0.000
 1983.875  11  1983      194.156    4.771      363.111    7.835        0.000    0.000       98.849    8.195       96.607    1.788      303.804    0.128        0.000    0.000        0.000    0.000
 1983.958  12  1983      195.132    4.566      364.966    7.700        0.000    0.000      101.006    9.205       96.824    1.700      303.898    0.154        0.000    0.000        0.000    0.000
 1984.042   1  1984      195.339    3.993      365.125    6.429        0.000    0.000      100.952    8.646       96.785    1.415      303.835    0.208        0.000    0.000        0.000    0.000
 1984.125   2  1984      196.420    4.283      365.857    7.010        0.000    0.000      101.588    8.872       96.675    1.396      303.848    0.153        0.000    0.000        0.000    0.000
 1984.208   3  1984      196.960    4.123      366.642    7.040        0.000    0.000      102.743    8.982       96.743    1.401      303.665    0.198        0.000    0.000        0.000    0.000
 1984.292   4  1984      197.732    4.095      368.140    6.851        0.000    0.000      102.330    9.264       97.000    1.506      303.755    0.189        0.000    0.000        0.000    0.000
 1984.375   5  1984      197.735    4.367      369.432    7.347       34.546    1.896      102.875   10.158       97.312    1.611      304.155    0.201        0.000    0.000        0.000    0.000
 1984.458   6  1984      198.330    4.171      370.965    7.552       34.863    1.875      103.470    9.858       97.375    1.675      304.130    0.243        0.000    0.000        0.000    0.000
 1984.542   7  1984      199.293    4.234      372.750    7.738       35.030    1.800      103.357    9.306       97.302    1.574      303.943    0.206        0.000    0.000        0.000    0.000
 1984.625   8  1984      200.008    4.209      374.413    7.809       35.009    1.621      103.230    8.463       97.290    1.456      304.013    0.275        0.000    0.000        0.000    0.000
 1984.708   9  1984      201.081    4.207      376.682    8.034       35.598    1.812      102.982    7.864       97.515    1.530      304.155    0.337        0.000    0.000        0.000    0.000
 1984.792  10  1984      201.845    4.749      378.412    9.118       36.240    2.148      103.493    8.207       97.713    1.645      304.200    0.505        0.000    0.000        0.000    0.000
 1984.875  11  1984      202.395    4.577      379.920    8.373       36.683    2.317      103.690    8.241       97.910    1.659      304.240    0.661        0.000    0.000        0.000    0.000
 1984.958  12  1984      204.024    4.402      382.648    8.045       37.300    2.221      106.007    9.429       98.393    1.671      304.290    0.425        0.000    0.000        0.000    0.000
 1985.042   1  1985      203.938    4.071      383.492    7.587       37.935    2.279      105.878    9.340       98.408    1.545      304.325    0.332        0.000    0.000        0.000    0.000
 1985.125   2  1985      204.283    3.954      384.323    6.834       37.823    2.135      105.997    9.309       98.460    1.397      304.420    0.248        0.000    0.000        0.000    0.000
 1985.208   3  1985      205.095    4.200      385.633    7.046       38.343    2.134      106.827    9.914       98.478    1.384      304.302    0.294        0.000    0.000        0.000    0.000
 1985.292   4  1985      205.723    4.176      386.295    6.536       38.848    2.103      106.650    9.470       98.387    1.272      304.495    0.476        0.000    0.000        0.000    0.000
 1985.375   5  1985      206.915    4.350      388.247    7.055       39.292    2.035      107.765    9.632       98.605    1.270      304.573    0.544        0.000    0.000        0.000    0.000
 1985.458   6  1985      206.405    3.993      388.595    6.856       39.560    2.102      106.440    8.638       98.247    1.208      304.345    0.535        0.000    0.000        0.000    0.000
 1985.542   7  1985      208.061    4.232      391.950    7.618       39.938    2.067      107.295    8.951       98.350    1.169      304.555    0.368        0.000    0.000        0.000    0.000
 1985.625   8  1985      209.426    4.697      393.445    7.682       40.486    1.980      107.630    8.558       98.457    1.247      304.295    0.335        0.000    0.000        0.000    0.000
 1985.708   9  1985      210.160    4.854      394.885    8.076        0.000    0.000      107.165    7.912       98.502    1.237      304.270    0.426        0.000    0.000        0.000    0.000
 1985.792  10  1985      211.663    4.574      395.800    7.969       40.704    1.721      107.500    8.386       98.590    1.190      304.747    0.331        0.000    0.000        0.000    0.000
 1985.875  11  1985      211.693    4.704      397.138    8.206       40.923    1.963      107.855    8.931       98.725    1.274      304.422    0.333        0.000    0.000        0.000    0.000
 1985.958  12  1985      212.868    4.439      399.670    8.201       42.100    2.245      109.378    9.737       99.040    1.245      304.573    0.324        0.000    0.000        0.000    0.000
 1986.042   1  1986      213.285    3.995      400.047    7.315       42.197    1.917      108.818    8.835       99.068    1.089      304.628    0.350        0.000    0.000        0.000    0.000
 1986.125   2  1986      214.416    4.108      401.668    7.307       42.545    1.750      109.488    9.006       99.470    1.314      304.913    0.563        0.000    0.000        0.000    0.000
 1986.208   3  1986      215.039    4.285      402.703    7.445       42.865    1.622      109.385    9.868       99.603    1.440      305.013    0.609        0.000    0.000        0.000    0.000
 1986.292   4  1986      216.605    4.634      405.525    7.070       43.530    1.383      111.425   10.054      100.177    1.545      305.335    0.588        0.000    0.000        0.000    0.000
 1986.375   5  1986      217.458    4.903      406.133    7.175       43.903    1.626      110.543    9.572       99.982    1.444      304.778    0.323     1659.207   39.162        0.000    0.000
 1986.458   6  1986      219.094    4.925      410.075    6.495       44.562    2.023      111.337    9.791      100.247    1.504      305.527    0.232     1652.992   30.369        0.000    0.000
 1986.542   7  1986      219.371    5.112      410.970    7.401       44.670    1.689      110.982    9.029      100.440    1.604      305.535    0.304     1650.822   23.930        0.000    0.000
 1986.625   8  1986      220.151    5.116      412.585    7.448       45.120    1.584      109.395    7.821      100.238    1.671      305.560    0.488     1648.518   20.166        0.000    0.000
 1986.708   9  1986      222.471    5.741      417.228    8.765       45.792    1.583      110.315    7.821      100.562    1.566      305.845    0.377     1668.842   33.912        0.000    0.000
 1986.792  10  1986      222.758    5.724      417.922    8.959       46.589    1.277      109.963    8.288      100.665    1.576      305.675    0.522     1673.331   33.769        0.000    0.000
 1986.875  11  1986      223.012    6.088      418.510    9.278       46.666    1.100      109.568    8.868      101.140    1.782      305.622    0.361     1671.706   27.349        0.000    0.000
 1986.958  12  1986      224.425    6.005      420.528    9.893       46.619    1.682      111.100    9.963      101.222    1.822      305.588    0.358     1674.934   35.095        0.000    0.000
 1987.042   1  1987      225.669    5.644      421.538    9.379       46.734    2.440      110.378    9.983      100.966    1.453      305.607    0.339     1686.927   47.415        0.000    0.000
 1987.125   2  1987      226.672    5.591      421.309    8.445       46.981    2.157      110.470    9.823      101.054    1.356      305.391    0.314     1681.624   43.799        0.000    0.000
 1987.208   3  1987      226.860    5.365      421.868    8.032       48.484    2.098      111.129    9.401      100.963    1.402      305.497    0.210     1681.167   38.952        0.000    0.000
 1987.292   4  1987      227.150    5.470      422.809    9.017       50.150    2.185      113.051    9.871      100.975    1.545      305.557    0.342     1681.894   39.409        0.000    0.000
 1987.375   5  1987      228.551    5.590      424.574    8.930       49.857    2.644      113.857   10.179      101.765    1.093      305.666    0.293     1678.928   33.530        0.000    0.000
 1987.458   6  1987      230.183    6.229      427.605    7.869       51.269    2.621      114.934   10.407      101.312    1.315      305.739    0.149     1670.304   28.732        0.000    0.000
 1987.542   7  1987      231.133    6.052      429.374    7.800       51.894    2.700      114.981    9.814      101.227    1.286      305.653    0.154     1662.717   22.142        0.000    0.000
 1987.625   8  1987      232.404    5.873      430.716    7.454       52.214    2.859      114.404    8.808      101.269    1.217      305.696    0.160     1663.595   22.287        0.000    0.000
 1987.708   9  1987      233.688    6.278      432.689    8.648       52.514    2.594      114.061    8.505      101.565    1.328      306.009    0.319     1676.852   31.650        0.000    0.000
 1987.792  10  1987      234.704    6.673      435.329    9.511       52.776    2.742      114.661    8.863      101.335    1.423      306.185    0.416     1692.248   39.812        0.000    0.000
 1987.875  11  1987      235.068    5.878      436.835    9.114       52.541    1.718      115.036    9.125      101.580    1.343      306.237    0.399     1685.771   36.011        0.000    0.000
 1987.958  12  1987      236.048    5.714      438.339    8.797       53.550    1.862      116.277    9.583      101.765    1.282      306.390    0.360     1687.050   38.054        0.000    0.000
 1988.042   1  1988      237.306    5.483      440.656    9.167       54.771    2.165      117.089   10.046      101.940    1.274      306.504    0.263     1691.888   44.916        0.000    0.000
 1988.125   2  1988      237.195    5.579      441.599    8.909       54.996    2.464      118.004   10.287      102.005    1.312      306.066    0.516     1692.347   42.908        0.000    0.000
 1988.208   3  1988      237.779    4.700      442.680    7.926       55.830    2.470      118.287   10.382      102.647    1.167      306.334    0.264     1689.533   45.644        0.000    0.000
 1988.292   4  1988      238.947    4.490      444.764    7.614       57.119    2.767      119.506   10.144      102.690    1.363      306.566    0.275     1687.974   37.345        0.000    0.000
 1988.375   5  1988      239.702    5.100      447.486    7.711       57.410    3.194      120.324   11.087      102.566    1.673      306.776    0.217     1683.579   35.065        0.000    0.000
 1988.458   6  1988      240.539    5.178      448.117    7.818       57.466    3.403      120.471   10.710      102.664    1.605      306.880    0.249     1678.767   29.807        0.000    0.000
 1988.542   7  1988      241.415    5.351      450.100    7.401       58.074    3.226      120.599   10.263      102.835    1.555      306.860    0.172     1675.313   21.832        0.000    0.000
 1988.625   8  1988      242.763    5.451      453.079    6.880       58.639    3.006      119.763    9.054      103.061    1.311      306.897    0.186     1681.792   22.299        0.000    0.000
 1988.708   9  1988      243.833    5.431      455.295    7.260       58.850    2.521      119.300    8.447      103.036    1.324      307.159    0.295     1692.874   28.738        0.000    0.000
 1988.792  10  1988      242.962    4.660      456.641    7.547       59.252    2.370      118.391    7.930      102.771    1.215      307.166    0.244     1696.135   30.458        0.000    0.000
 1988.875  11  1988      243.692    5.205      458.833    8.887       60.526    2.362      120.580    9.383      103.005    1.403      307.112    0.287     1715.856   41.420        0.000    0.000
 1988.958  12  1988      244.561    5.410      460.431    9.069       61.292    2.385      121.670   10.147      103.090    1.434      307.265    0.213     1708.672   38.149        0.000    0.000
 1989.042   1  1989      245.207    5.005      461.177    8.324       61.460    1.947      121.134    9.237      103.065    1.216      307.269    0.238     1710.341   39.617        0.000    0.000
 1989.125   2  1989      246.232    4.564      463.130    6.896       61.985    2.107      121.827    9.418      102.989    1.052      307.065    0.354     1709.172   39.644        0.000    0.000
 1989.208   3  1989      246.726    4.195      463.719    6.125       63.235    2.070      122.339    9.332      103.425    1.323      307.070    0.419     1709.175   38.211        0.000    0.000
 1989.292   4  1989      247.710    4.606      465.706    6.883       63.350    2.456      123.275   10.460      103.773    1.508      307.323    0.424     1716.080   42.889        0.000    0.000
 1989.375   5  1989      248.396    4.412      467.099    6.619       63.880    2.478      123.825   10.341      103.901    1.522      307.302    0.411     1709.128   36.474        0.000    0.000
 1989.458   6  1989      248.762    4.704      468.024    7.241       64.363    2.695      123.573   10.481      103.810    1.683      307.451    0.542     1709.612   32.548        0.000    0.000
 1989.542   7  1989      250.642    4.931      470.792    6.892       65.064    2.833      125.180    9.901      104.975    2.224      307.976    0.490     1726.515   34.051        0.000    0.000
 1989.625   8  1989      250.855    4.425      472.472    6.926       65.618    2.825      124.236    8.814      104.752    2.113      307.961    0.247     1727.602   33.539        0.000    0.000
 1989.708   9  1989      251.582    4.241      474.175    7.058       65.760    2.559      123.469    8.013      104.617    2.096      308.063    0.264     1720.688   27.693        0.000    0.000
 1989.792  10  1989      251.962    3.921      474.624    6.485       66.244    2.342      123.568    8.130      104.544    2.009      307.906    0.125     1707.563   20.958        0.000    0.000
 1989.875  11  1989      252.953    4.303      476.669    6.810       66.873    2.631      125.187    9.604      104.745    2.023      308.176    0.164     1703.876   20.241        0.000    0.000
 1989.958  12  1989      253.325    4.334      477.719    6.432       66.973    2.914      125.729   10.212      104.755    1.523      308.181    0.299     1709.676   28.969        0.000    0.000
 1990.042   1  1990      253.689    4.227      479.006    6.710       67.406    2.882      125.883   10.666      104.863    1.463      308.081    0.196     1702.358   31.064        0.000    0.000
 1990.125   2  1990      254.001    3.996      479.830    6.023       68.015    2.730      126.209   10.838      104.914    1.346      308.108    0.229     1699.506   31.416        0.000    0.000
 1990.208   3  1990      255.115    4.091      480.833    5.483       68.551    2.508      126.231   10.956      105.175    1.402      308.329    0.320     1715.545   42.090        0.000    0.000
 1990.292   4  1990      256.549    4.408      482.274    5.354       69.288    2.430      127.442   11.249      105.212    1.571      308.643    0.512     1716.375   38.877        0.000    0.000
 1990.375   5  1990      256.945    4.417      484.380    6.062       70.040    2.612      129.265   11.820      105.061    1.599      308.956    0.513     1712.334   33.209        0.000    0.000
 1990.458   6  1990      257.678    3.653      485.331    5.923       71.532    2.081      129.963   11.633      105.075    1.297      308.976    0.411     1712.132   26.776        0.000    0.000
 1990.542   7  1990      257.678    3.211      486.347    5.687       72.315    2.163      128.357   10.027      104.901    1.236      309.006    0.283     1710.220   21.924        0.000    0.000
 1990.625   8  1990      258.304    3.466      487.783    5.807       72.223    2.295      128.511    9.557      104.874    1.300      308.914    0.331     1715.745   22.228        0.000    0.000
 1990.708   9  1990      259.406    3.565      489.602    5.915       72.318    2.143      128.467    9.173      104.959    1.299      309.229    0.223     1730.356   30.420        0.000    0.000
 1990.792  10  1990      259.300    3.088      489.934    5.189       72.376    1.905      127.626    8.630      104.709    1.155      309.241    0.226     1737.707   36.047        0.000    0.000
 1990.875  11  1990      260.172    3.440      491.659    5.632       73.382    2.267      130.137   10.531      104.757    1.073      309.494    0.263     1740.614   41.347        0.000    0.000
 1990.958  12  1990      260.162    3.283      491.815    5.947       73.541    2.236      131.215   11.495      105.233    1.384      309.520    0.304     1738.160   41.507        0.000    0.000
 1991.042   1  1991      259.515    3.583      492.395    6.278       73.457    2.325      129.163   11.023      104.912    1.028      309.408    0.307     1731.760   43.372        0.000    0.000
 1991.125   2  1991      259.485    4.212      492.855    6.704       74.014    2.545      127.544   11.292      104.616    1.343      309.721    0.625     1735.748   45.364        0.000    0.000
 1991.208   3  1991      259.435    3.865      492.794    5.808       74.408    2.598      127.148   10.814      104.476    1.182      309.591    0.554     1728.081   43.512        0.000    0.000
 1991.292   4  1991      259.788    3.646      494.174    5.544       75.128    2.621      128.833   11.240      104.526    1.267      309.598    0.583     1719.521   39.952        0.000    0.000
 1991.375   5  1991      260.129    3.249      495.361    4.877       75.961    2.586      130.006   11.317      104.446    1.161      309.526    0.393     1715.188   32.640        0.000    0.000
 1991.458   6  1991      261.215    3.870      496.090    5.515       76.104    2.187      129.395   10.951      103.481    0.763      309.357    0.280     1718.877   28.586        0.000    0.000
 1991.542   7  1991      261.565    3.640      497.430    5.170       76.154    2.464      129.315   10.333      103.801    0.716      309.458    0.196     1724.595   30.298        0.000    0.000
 1991.625   8  1991      260.614    3.032      497.105    4.592       76.736    2.688      129.545   10.239      104.089    1.193      309.292    0.213     1733.812   32.492        0.000    0.000
 1991.708   9  1991      260.626    2.771      498.203    4.454       77.396    2.721      129.372    9.675      103.855    1.237      309.355    0.196     1741.019   34.752        0.000    0.000
 1991.792  10  1991      260.811    2.453      499.060    4.021       78.187    2.956      128.975    9.293      103.830    1.141      309.783    0.278     1744.066   35.953        0.000    0.000
 1991.875  11  1991      261.129    2.486      499.307    3.939       78.365    2.975      129.398    9.436      103.895    1.137      309.600    0.338     1750.968   40.111        0.000    0.000
 1991.958  12  1991      262.062    2.560      501.395    4.717       78.930    2.974      131.225   10.996      104.180    1.172      309.957    0.576     1748.155   35.863        0.000    0.000
 1992.042   1  1992      261.809    2.593      501.753    5.647       78.577    3.174      129.605   10.470      103.990    1.293      309.865    0.424     1732.730   35.650        0.000    0.000
 1992.125   2  1992      262.693    2.250      503.185    5.275       78.931    2.540      130.133    9.501      103.868    1.042      309.810    0.373     1722.662   27.266        0.000    0.000
 1992.208   3  1992      262.932    2.162      503.402    4.995       79.831    1.947      130.445    9.736      103.585    0.723      309.862    0.360     1721.739   27.028        0.000    0.000
 1992.292   4  1992      263.342    2.429      504.307    5.192       80.268    2.008      131.155   10.822      103.567    0.686      309.920    0.370     1732.345   37.577        0.000    0.000
 1992.375   5  1992      263.688    2.582      505.083    4.927       80.438    2.253      131.631    9.787      104.011    1.029      309.837    0.443     1737.969   34.413        0.000    0.000
 1992.458   6  1992      264.179    2.540      506.350    5.290       80.393    2.327      131.854    9.405      104.081    1.028      309.943    0.310     1735.837   27.593        0.000    0.000
 1992.542   7  1992      264.542    2.484      507.487    5.290       80.620    1.868      131.091    8.561      103.965    0.869      309.953    0.202     1730.636   22.787        0.000    0.000
 1992.625   8  1992      265.743    1.787      509.053    4.634       80.858    1.684      130.620    8.222      104.002    0.704      310.073    0.113     1735.346   24.683        0.000    0.000
 1992.708   9  1992      265.003    1.969      509.445    4.642       80.968    1.871      129.985    7.668      103.892    0.602      310.158    0.159     1739.084   27.641        0.000    0.000
 1992.792  10  1992      265.342    2.100      509.872    5.122       81.325    1.850      129.975    8.280      103.888    0.656      310.168    0.241     1743.634   30.865        0.000    0.000
 1992.875  11  1992      264.851    2.425      510.478    5.047       81.060    2.127      128.905    7.639      103.497    0.671      310.095    0.263     1737.783   30.494        0.000    0.000
 1992.958  12  1992      265.186    2.189      511.420    4.518       81.600    1.865      129.155    7.860      103.650    0.600      310.348    0.212     1737.498   34.831        0.000    0.000
 1993.042   1  1993      265.402    2.241      511.665    5.281       81.855    1.829      129.292    8.532      103.600    0.725      310.307    0.139     1733.900   36.932        0.000    0.000
 1993.125   2  1993      264.979    2.117      511.215    4.727       81.867    1.705      127.815    7.955      103.350    0.630      310.355    0.255     1735.023   38.512        0.000    0.000
 1993.208   3  1993      265.238    2.120      511.935    4.778       82.083    1.802      128.512    8.262      103.350    0.663      310.362    0.348     1738.381   37.643        0.000    0.000
 1993.292   4  1993      264.967    2.302      512.065    4.925       81.915    1.795      127.668    8.044      103.223    0.769      310.225    0.413     1736.925   35.923        0.000    0.000
 1993.375   5  1993      264.901    2.420      512.453    5.217       82.345    1.883      127.397    8.397      103.110    0.821      310.208    0.543     1738.758   36.419        0.000    0.000
 1993.458   6  1993      264.525    2.211      513.138    5.169       82.712    1.695      127.018    7.800      103.110    0.867      310.150    0.446     1731.437   26.264        0.000    0.000
 1993.542   7  1993      264.496    2.391      513.800    5.458       82.455    1.664      125.910    7.048      102.768    0.864      310.050    0.402     1730.992   22.543        0.000    0.000
 1993.625   8  1993      264.814    2.036      515.005    4.893       82.518    1.427      124.391    5.772      102.767    0.580      310.154    0.318     1736.841   25.811        0.000    0.000
 1993.708   9  1993      265.002    2.079      515.716    4.895       82.364    1.424      123.428    5.478      102.798    0.557      310.307    0.307     1745.400   31.512        0.000    0.000
 1993.792  10  1993      264.871    2.284      516.670    5.396       82.470    1.374      122.622    5.362      102.780    0.669      310.367    0.498     1756.928   39.782        0.000    0.000
 1993.875  11  1993      264.663    2.395      516.250    5.316       82.648    1.536      121.036    5.118      102.478    0.669      310.039    0.559     1750.003   37.416        0.000    0.000
 1993.958  12  1993      265.323    1.942      517.515    4.324       83.348    1.632      121.109    5.308      102.795    0.444      310.381    0.288     1744.780   37.192        0.000    0.000
 1994.042   1  1994      265.562    1.816      518.548    4.344       83.470    1.522      120.564    5.497      102.838    0.372      310.539    0.253     1745.523   40.528        0.000    0.000
 1994.125   2  1994      265.577    1.580      518.746    4.129       83.242    1.447      119.055    5.259      102.752    0.465      310.627    0.354     1747.052   40.643        0.000    0.000
 1994.208   3  1994      265.313    1.689      519.056    4.086       83.011    1.326      117.941    5.456      102.885    0.417      310.693    0.427     1738.102   37.396        7.110    1.500
 1994.292   4  1994      265.263    1.743      519.702    4.015       83.201    1.412      117.622    5.887      102.749    0.559      310.816    0.384     1741.291   39.959        7.290    1.600
 1994.375   5  1994      265.246    1.751      520.532    3.956       83.224    1.327      117.147    5.754      102.727    0.802      310.988    0.384     1745.203   37.092        7.530    1.490
 1994.458   6  1994      264.944    1.672      520.643    3.797       83.110    1.245      115.235    4.579      102.461    0.791      310.859    0.361     1744.290   32.867        7.500    1.080
 1994.542   7  1994      265.060    1.902      521.615    4.671       83.060    1.312      114.339    4.499      102.405    1.045      310.840    0.546     1738.598   24.459        7.950    1.200
 1994.625   8  1994      264.842    1.835      522.092    4.726       83.055    1.139      113.265    4.046      102.195    1.089      310.799    0.570     1740.755   24.306        7.970    1.130
 1994.708   9  1994      265.236    1.747      523.148    4.615       82.920    1.038      112.369    3.846      102.191    1.046      311.012    0.471     1746.476   26.395        8.030    1.180
 1994.792  10  1994      265.547    1.701      523.650    4.287       82.916    1.009      111.844    4.298      102.106    0.948      311.185    0.557     1754.365   32.109        8.430    1.440
 1994.875  11  1994      265.383    1.832      524.041    4.400       83.201    0.912      110.989    4.438      101.969    0.928      311.342    0.615     1749.411   32.026        8.150    1.580
 1994.958  12  1994      265.570    1.697      524.812    4.245       83.589    1.097      109.738    4.371      102.070    0.861      311.407    0.529     1748.003   33.555        7.600    1.580
 1995.042   1  1995      265.273    1.754      524.857    4.058       83.725    0.976      108.421    4.347      102.034    0.773      311.490    0.524     1742.937   35.796        7.490    1.610
 1995.125   2  1995      265.418    1.495      525.394    3.492       83.742    0.916      107.785    4.370      102.093    0.592      311.621    0.428     1745.749   36.609        7.370    1.860
 1995.208   3  1995      265.412    1.427      525.729    3.571       84.018    0.897      107.203    4.803      102.167    0.723      311.718    0.503     1746.238   39.497        7.500    1.860
 1995.292   4  1995      265.083    1.552      525.337    3.277       83.828    1.013      106.383    4.570      101.949    0.733      311.642    0.445     1748.816   38.183        7.680    1.800
 1995.375   5  1995      265.009    1.496      525.834    3.073       83.599    0.979      105.172    4.124      101.889    0.763      311.727    0.513     1747.285   33.702        7.550    1.320
 1995.458   6  1995      264.922    1.401      526.416    3.288       83.603    0.837      104.290    3.788      101.854    0.750      311.744    0.460     1741.134   27.041        7.390    0.910
 1995.542   7  1995      264.853    1.223      526.946    3.091       83.609    0.832      103.015    3.161      101.730    0.656      311.724    0.390     1741.688   24.950        7.410    0.840
 1995.625   8  1995      264.672    1.118      527.434    3.168       83.604    0.834      101.337    2.395      101.462    0.659      311.695    0.357     1745.083   25.361        7.840    0.930
 1995.708   9  1995      264.523    1.034      527.740    3.029       83.532    0.885      100.088    2.080      101.405    0.653      311.846    0.363     1753.687   28.091        8.250    1.190
 1995.792  10  1995      264.484    1.148      528.286    3.001       83.443    0.656       99.676    2.592      101.348    0.756      312.132    0.379     1754.096   30.109        8.310    1.570
 1995.875  11  1995      264.542    1.274      529.054    3.290       83.395    0.622       98.002    2.449      101.311    0.756      312.039    0.366     1755.269   33.124        8.400    1.800
 1995.958  12  1995      264.560    1.244      529.314    3.143       83.456    0.543       97.118    2.914      101.246    0.676      312.039    0.306     1750.096   35.897        8.030    2.050
 1996.042   1  1996      264.585    1.048      530.013    2.738       83.627    0.402       96.331    2.982      101.232    0.467      312.128    0.290     1755.431   37.803        7.670    1.930
 1996.125   2  1996      264.586    1.198      530.453    2.907       83.570    0.555       95.664    3.258      101.062    0.474      312.158    0.344     1751.116   36.995        7.280    1.870
 1996.208   3  1996      264.565    1.000      530.958    2.316       83.550    0.585       94.535    3.176      101.111    0.377      312.182    0.379     1747.138   37.816        7.250    1.920
 1996.292   4  1996      264.611    0.932      531.376    2.478       83.771    0.340       93.350    3.255      100.913    0.492      312.280    0.480     1746.964   37.953        7.170    1.770
 1996.375   5  1996      264.774    0.844      532.119    2.483       83.883    0.278       92.889    3.313      100.907    0.519      312.481    0.559     1750.432   34.812        7.690    1.370
 1996.458   6  1996      264.604    0.973      532.621    2.648       83.557    0.451       90.927    2.440      100.663    0.563      312.590    0.573     1745.911   28.611        7.710    1.130
 1996.542   7  1996      264.435    1.000      532.948    2.738       83.421    0.427       89.188    1.631      100.482    0.555      312.773    0.576     1744.337   24.192        7.730    1.140
 1996.625   8  1996      264.211    0.953      533.260    2.908       83.425    0.377       87.459    1.298      100.195    0.595      312.737    0.487     1747.950   25.236        7.920    1.270
 1996.708   9  1996      264.107    0.980      533.546    2.932       83.378    0.416       86.288    0.999      100.085    0.650      312.769    0.465     1751.388   27.584        7.930    1.280
 1996.792  10  1996      263.955    1.049      533.637    2.945       83.442    0.348       84.752    1.105       99.937    0.706      312.887    0.432     1751.346   27.908        7.810    1.470
 1996.875  11  1996      264.112    1.105      534.283    2.937       83.505    0.272       83.790    1.478      100.055    0.746      313.064    0.401     1754.751   32.674        7.860    1.830
 1996.958  12  1996      264.049    1.108      534.483    2.842       83.540    0.288       82.990    1.592      100.000    0.694      313.185    0.358     1755.140   35.270        7.800    1.970
 1997.042   1  1997      264.001    1.087      534.833    2.794       83.619    0.317       82.172    1.875       99.939    0.613      313.264    0.359     1756.100   37.355        7.970    2.120
 1997.125   2  1997      263.747    1.072      534.726    2.606       83.373    0.203       80.979    2.131       99.825    0.562      313.260    0.354     1753.207   37.690        7.720    2.120
 1997.208   3  1997      263.676    1.013      534.996    2.332       83.418    0.219       80.153    1.968       99.800    0.535      313.370    0.377     1754.545   33.985        7.680    1.930
 1997.292   4  1997      263.502    1.047      535.066    2.432       83.398    0.234       78.875    1.963       99.712    0.583      313.411    0.457     1749.805   34.023        7.410    1.790
 1997.375   5  1997      263.259    1.150      535.170    2.631       83.385    0.303       78.035    1.813       99.628    0.670      313.380    0.522     1753.202   33.293        7.650    1.640
 1997.458   6  1997      263.101    1.057      535.308    2.594       83.296    0.305       77.127    1.328       99.482    0.702      313.493    0.453     1751.271   27.535        7.710    1.200
 1997.542   7  1997      263.046    0.937      535.942    2.598       83.289    0.260       75.752    0.864       99.388    0.645      313.551    0.385     1748.336   23.220        7.570    1.040
 1997.625   8  1997      262.945    0.877      536.311    2.591       83.286    0.238       74.462    0.398       99.265    0.660      313.577    0.311     1748.965   21.218        7.600    0.910
 1997.708   9  1997      262.892    0.848      536.552    2.456       83.267    0.209       73.260    0.352       99.197    0.622      313.685    0.255     1751.424   22.593        7.620    0.990
 1997.792  10  1997      262.842    0.926      536.786    2.465       83.276    0.219       72.063    0.397       99.124    0.645      313.816    0.308     1752.149   24.581        7.550    1.230
 1997.875  11  1997      262.874    1.087      537.286    2.759       83.320    0.290       71.387    0.560       99.139    0.732      313.875    0.340     1757.965   30.302        7.890    1.580
 1997.958  12  1997      262.857    1.152      537.441    2.701       83.271    0.294       70.513    0.856       99.140    0.715      313.947    0.349     1757.263   33.742        7.880    1.790
 1998.042   1  1998      262.840    1.075      537.743    2.444       83.309    0.265       69.611    1.087       99.085    0.656      314.070    0.334     1758.722   34.407        7.870    1.950
 1998.125   2  1998      262.429    1.187      537.361    2.616       83.263    0.313       68.432    1.190       98.828    0.684      314.004    0.428     1753.464   38.072        7.680    1.880
 1998.208   3  1998      262.307    1.164      537.601    2.484       83.213    0.282       67.465    1.356       98.777    0.620      313.983    0.462     1754.912   37.291        7.510    1.910
 1998.292   4  1998      261.974    1.250      537.486    2.591       83.111    0.304       66.718    1.226       98.604    0.688      313.968    0.535     1756.866   38.396        7.630    1.880
 1998.375   5  1998      261.875    1.146      537.810    2.421       83.077    0.264       65.776    0.979       98.575    0.721      314.050    0.507     1757.150   32.340        7.560    1.540
 1998.458   6  1998      261.642    1.029      538.054    2.373       83.019    0.208       64.820    0.695       98.434    0.737      314.108    0.479     1757.001   27.019        7.720    1.350
 1998.542   7  1998      261.469    0.858      538.475    2.290       82.942    0.167       63.773    0.301       98.333    0.716      314.116    0.375     1757.406   22.321        7.770    1.120
 1998.625   8  1998      261.257    0.733      538.740    2.134       82.864    0.108       62.684    0.185       98.104    0.634      314.209    0.285     1761.939   22.705        8.020    1.220
 1998.708   9  1998      261.256    0.740      539.211    2.092       82.875    0.093       61.627    0.239       98.042    0.590      314.335    0.260     1768.850   27.242        8.050    1.470
 1998.792  10  1998      261.228    0.817      539.416    2.120       82.877    0.082       60.774    0.258       97.959    0.599      314.484    0.281     1770.686   29.374        7.920    1.530
 1998.875  11  1998      261.419    0.841      540.031    2.088       82.879    0.100       59.842    0.403       98.028    0.596      314.711    0.252     1772.635   32.193        7.810    1.780
 1998.958  12  1998      261.359    0.868      540.196    2.044       82.842    0.110       59.125    0.538       97.938    0.550      314.846    0.230     1774.072   34.594        7.890    1.930
 1999.042   1  1999      261.341    0.825      540.504    1.980       82.868    0.116       58.454    0.767       97.868    0.479      314.989    0.197     1777.188   36.416        8.030    2.060
 1999.125   2  1999      261.215    0.800      540.440    1.863       82.865    0.118       57.632    0.872       97.761    0.471      315.060    0.189     1775.479   35.546        7.860    1.980
 1999.208   3  1999      260.837    0.899      540.104    2.003       82.750    0.166       56.721    0.957       97.560    0.510      314.978    0.288     1770.229   38.526        7.510    2.000
 1999.292   4  1999      260.685    0.868      540.219    1.851       82.690    0.160       55.877    0.886       97.478    0.504      315.091    0.308     1772.929   35.063        7.370    1.800
 1999.375   5  1999      260.365    0.793      540.177    1.743       82.532    0.147       55.053    0.701       97.322    0.504      315.092    0.329     1770.998   29.972        7.340    1.440
 1999.458   6  1999      260.124    0.730      540.270    1.743       82.443    0.112       54.367    0.583       97.164    0.507      315.086    0.295     1769.943   25.597        7.450    1.220
 1999.542   7  1999      259.875    0.618      540.491    1.714       82.345    0.061       53.223    0.242       97.005    0.485      315.052    0.227     1765.694   21.639        7.540    1.150
 1999.625   8  1999      259.821    0.557      540.842    1.620       82.344    0.052       52.218    0.160       96.933    0.468      315.111    0.177     1765.828   19.716        7.460    1.060
 1999.708   9  1999      259.691    0.666      540.954    1.768       82.285    0.079       51.614    0.193       96.703    0.502      315.248    0.270     1771.310   22.819        7.830    1.200
 1999.792  10  1999      259.785    0.805      541.400    1.962       82.298    0.080       50.872    0.206       96.759    0.578      315.380    0.298     1774.185   25.916        7.630    1.430
 1999.875  11  1999      259.859    0.847      541.710    1.948       82.296    0.069       50.125    0.241       96.770    0.556      315.552    0.299     1774.527   28.483        7.680    1.530
 1999.958  12  1999      259.872    0.903      542.072    1.937       82.335    0.066       49.532    0.411       96.794    0.552      315.637    0.274     1774.740   32.457        7.780    1.860
 2000.042   1  2000      259.857    0.857      542.347    1.812       82.323    0.070       48.893    0.589       96.742    0.485      315.780    0.231     1776.184   33.852        7.820    1.910
 2000.125   2  2000      259.685    0.859      542.320    1.766       82.289    0.099       48.185    0.705       96.656    0.449      315.840    0.248     1773.723   34.822        7.590    1.860
 2000.208   3  2000      259.580    0.905      542.431    1.808       82.352    0.115       47.641    0.713       96.602    0.460      315.947    0.328     1774.979   34.697        7.490    1.790
 2000.292   4  2000      259.400    0.973      542.498    1.909       82.272    0.123       47.024    0.786       96.533    0.509      315.944    0.386     1776.698   36.351        7.710    1.870
 2000.375   5  2000      259.253    0.965      542.529    1.940       82.218    0.149       46.303    0.588       96.475    0.582      315.990    0.438     1773.118   31.130        7.340    1.370
 2000.458   6  2000      259.032    1.062      542.663    2.124       82.108    0.170       45.580    0.470       96.364    0.644      316.016    0.510     1769.913   27.319        7.440    1.100
 2000.542   7  2000      258.909    0.946      542.897    2.035       82.047    0.192       44.669    0.181       96.266    0.645      316.148    0.469     1766.164   19.952        7.310    0.860
 2000.625   8  2000      258.799    0.863      543.197    1.940       81.986    0.145       43.986    0.170       96.166    0.621      316.203    0.374     1769.637   20.895        7.680    1.100
 2000.708   9  2000      258.748    0.895      543.378    1.931       81.976    0.159       43.315    0.208       96.066    0.630      316.300    0.376     1772.652   23.702        7.670    1.220
 2000.792  10  2000      258.803    0.949      543.791    1.943       81.955    0.147       42.436    0.237       96.019    0.664      316.480    0.337     1774.862   25.872        7.640    1.440
 2000.875  11  2000      258.852    0.928      543.891    1.969       81.985    0.140       41.999    0.218       96.110    0.627      316.664    0.349     1774.529   31.184        7.400    1.640
 2000.958  12  2000      258.814    0.935      544.034    1.912       81.968    0.172       41.526    0.324       96.095    0.609      316.780    0.350     1775.263   32.645        7.340    1.670
 2001.042   1  2001      258.673    0.966      544.046    1.917       81.964    0.178       40.906    0.494       96.036    0.574      316.860    0.379     1772.502   34.606        7.200    1.740
 2001.125   2  2001      258.469    0.964      544.002    1.869       81.866    0.210       40.361    0.608       95.935    0.515      316.892    0.382     1774.481   35.360        7.270    1.800
 2001.208   3  2001      258.179    0.955      543.784    1.820       81.764    0.218       39.767    0.614       95.795    0.493      316.871    0.434     1771.812   34.878        7.010    1.720
 2001.292   4  2001      257.825    0.992      543.528    1.896       81.635    0.202       39.290    0.622       95.663    0.557      316.741    0.492     1774.519   32.965        7.030    1.610
 2001.375   5  2001      257.504    0.977      543.385    1.900       81.612    0.166       38.688    0.519       95.498    0.588      316.725    0.543     1773.241   29.271        7.110    1.260
 2001.458   6  2001      257.435    0.812      543.670    1.702       81.598    0.114       38.026    0.400       95.515    0.561      316.808    0.425     1772.821   24.009        7.030    1.100
 2001.542   7  2001      257.327    0.649      543.819    1.530       81.512    0.079       37.378    0.219       95.423    0.514      316.892    0.350     1771.872   18.824        7.180    1.090
 2001.625   8  2001      257.080    0.591      543.805    1.502       81.387    0.051       36.672    0.168       95.266    0.513      316.817    0.284     1770.913   17.099        7.250    0.970
 2001.708   9  2001      256.921    0.657      543.896    1.522       81.375    0.068       36.208    0.247       95.137    0.515      316.922    0.304     1776.049   20.067        7.650    1.260
 2001.792  10  2001      257.034    0.738      544.198    1.617       81.372    0.054       35.654    0.228       95.132    0.516      317.113    0.339     1774.851   26.696        7.590    1.390
 2001.875  11  2001      256.920    0.838      544.321    1.587       81.378    0.068       35.065    0.190       95.138    0.558      317.218    0.323     1773.426   27.156        7.140    1.340
 2001.958  12  2001      256.865    0.901      544.492    1.644       81.350    0.076       34.585    0.242       95.116    0.607      317.328    0.302     1776.028   31.689        7.340    1.630
 2002.042   1  2002      256.769    0.817      544.614    1.505       81.334    0.096       34.084    0.420       95.069    0.509      317.432    0.253     1773.806   35.224        7.350    1.760
 2002.125   2  2002      256.553    0.804      544.482    1.465       81.274    0.106       33.595    0.459       94.967    0.460      317.474    0.289     1771.249   35.592        7.110    1.710
 2002.208   3  2002      256.354    0.811      544.426    1.478       81.177    0.104       33.154    0.539       94.871    0.440      317.472    0.336     1774.208   36.889        7.190    1.740
 2002.292   4  2002      256.036    0.878      544.197    1.565       81.018    0.126       32.671    0.540       94.742    0.490      317.435    0.427     1771.207   35.356        7.030    1.640
 2002.375   5  2002      255.663    0.867      543.953    1.608       80.889    0.133       32.182    0.416       94.563    0.530      317.377    0.499     1771.187   31.551        7.090    1.330
 2002.458   6  2002      255.456    0.797      543.917    1.535       80.765    0.073       31.683    0.316       94.495    0.572      317.362    0.488     1768.821   25.653        7.080    1.060
 2002.542   7  2002      255.268    0.668      543.976    1.375       80.734    0.068       31.105    0.171       94.389    0.511      317.411    0.405     1765.892   21.343        7.040    1.010
 2002.625   8  2002      255.064    0.628      544.073    1.327       80.499    0.131       30.444    0.151       94.207    0.541      317.507    0.356     1767.736   19.160        7.160    1.020
 2002.708   9  2002      254.930    0.653      544.116    1.363       80.462    0.143       30.066    0.164       94.109    0.552      317.573    0.353     1773.146   23.745        7.450    1.270
 2002.792  10  2002      254.879    0.762      544.306    1.474       80.430    0.111       29.602    0.179       94.074    0.567      317.695    0.376     1775.762   27.126        7.490    1.540
 2002.875  11  2002      254.894    0.840      544.507    1.557       80.434    0.097       29.195    0.184       94.161    0.625      317.788    0.361     1777.499   31.585        7.350    1.670
 2002.958  12  2002      254.720    0.952      544.394    1.620       80.397    0.143       28.813    0.267       94.123    0.660      317.805    0.417     1776.166   34.521        7.260    1.780
 2003.042   1  2003      254.577    0.893      544.458    1.547       80.340    0.147       28.485    0.339       94.120    0.531      317.904    0.381     1775.071   33.494        7.150    1.780
 2003.125   2  2003      254.211    1.003      544.115    1.715       80.219    0.169       28.095    0.450       93.946    0.557      317.830    0.489     1772.342   38.323        7.210    1.950
 2003.208   3  2003      254.181    0.896      544.293    1.488       80.198    0.142       27.596    0.469       93.964    0.515      318.060    0.459     1774.281   35.119        7.060    1.750
 2003.292   4  2003      253.987    0.972      544.199    1.579       80.090    0.143       27.178    0.481       93.852    0.584      318.116    0.542     1777.252   35.481        7.220    1.630
 2003.375   5  2003      253.756    0.928      544.094    1.534       79.941    0.176       26.878    0.408       93.726    0.624      318.099    0.581     1775.819   32.710        7.060    1.410
 2003.458   6  2003      253.416    0.886      543.838    1.538       79.842    0.146       26.575    0.258       93.568    0.649      318.068    0.606     1774.813   29.008        7.140    1.170
 2003.542   7  2003      253.399    0.679      544.042    1.301       79.873    0.065       26.035    0.179       93.535    0.595      318.194    0.473     1774.308   25.278        7.310    1.150
 2003.625   8  2003      253.293    0.486      544.065    1.099       79.880    0.044       25.464    0.110       93.425    0.532      318.246    0.325     1772.724   22.411        7.250    1.070
 2003.708   9  2003      253.196    0.516      544.172    1.154       79.857    0.037       25.097    0.125       93.301    0.525      318.354    0.322     1776.641   25.266        7.390    1.230
 2003.792  10  2003      253.188    0.586      544.332    1.189       79.846    0.035       24.738    0.115       93.321    0.596      318.479    0.313     1779.770   28.645        7.470    1.410
 2003.875  11  2003      253.158    0.651      544.394    1.225       79.716    0.053       24.316    0.155       93.322    0.603      318.598    0.296     1780.055   32.321        7.430    1.600
 2003.958  12  2003      253.269    0.741      544.643    1.291       79.584    0.076       23.981    0.217       93.436    0.592      318.842    0.312     1782.283   36.707        7.400    1.790
 2004.042   1  2004      252.937    0.796      544.634    1.168       79.579    0.112       23.641    0.263       93.265    0.578      318.904    0.304     1776.484   36.662        7.010    1.860
 2004.125   2  2004      252.792    0.762      544.427    1.260       79.582    0.159       23.339    0.349       93.236    0.511      318.895    0.359     1777.231   39.436        7.040    1.930
 2004.208   3  2004      252.555    0.743      544.288    1.217       79.398    0.075       22.928    0.368       93.127    0.482      318.954    0.386     1777.050   37.873        7.070    1.800
 2004.292   4  2004      252.182    0.779      543.961    1.270       79.199    0.041       22.641    0.403       92.999    0.504      318.898    0.410     1776.297   36.438        7.230    1.520
 2004.375   5  2004      251.927    0.794      543.774    1.269       79.062    0.050       22.281    0.384       92.906    0.551      318.849    0.454     1775.398   34.445        7.120    1.390
 2004.458   6  2004      251.618    0.753      543.557    1.183       78.960    0.050       21.920    0.251       92.763    0.558      318.851    0.455     1770.854   26.608        7.110    1.060
 2004.542   7  2004      251.330    0.625      543.312    1.053       78.898    0.060       21.613    0.155       92.620    0.541      318.811    0.389     1769.049   21.809        7.300    0.990
 2004.625   8  2004      251.262    0.514      543.579    0.797       78.847    0.075       21.166    0.114       92.577    0.468      318.964    0.251     1770.741   21.442        7.190    1.280
 2004.708   9  2004      251.040    0.548      543.401    0.835       78.797    0.050       20.871    0.112       92.370    0.457      318.940    0.225     1775.027   24.498        7.070    1.250
 2004.792  10  2004      251.001    0.639      543.505    0.945       78.808    0.070       20.579    0.123       92.338    0.457      319.076    0.270     1775.958   26.968        7.230    1.500
 2004.875  11  2004      251.028    0.683      543.681    1.026       78.819    0.059       20.266    0.130       92.362    0.438      319.269    0.282     1775.394   28.404        7.150    1.600
 2004.958  12  2004      250.958    0.790      543.692    1.179       78.754    0.104       20.036    0.164       92.356    0.461      319.332    0.309     1775.449   34.629        7.200    1.800
 2005.042   1  2005      250.920    0.764      543.715    1.127       78.734    0.117       19.777    0.218       92.371    0.377      319.448    0.290     1776.512   35.020        7.180    1.820
 2005.125   2  2005      250.546    0.892      543.403    1.343       78.611    0.171       19.522    0.268       92.211    0.406      319.360    0.411     1772.241   38.725        7.060    1.870
 2005.208   3  2005      250.443    0.864      543.487    1.245       78.596    0.138       19.219    0.275       92.229    0.344      319.453    0.434     1772.466   35.357        6.840    1.700
 2005.292   4  2005      250.035    0.845      543.280    1.334       78.555    0.191       18.937    0.292       92.185    0.429      319.481    0.510     1772.325   34.960        6.720    1.550
 2005.375   5  2005      249.745    0.902      543.086    1.432       78.559    0.183       18.716    0.253       91.974    0.564      319.467    0.588     1771.889   32.339        6.940    1.260
 2005.458   6  2005      249.566    0.731      543.078    1.205       78.490    0.172       18.350    0.209       91.885    0.438      319.659    0.495     1769.834   26.790        6.820    1.000
 2005.542   7  2005      249.231    0.639      542.791    1.103       78.448    0.193       18.076    0.109       91.802    0.525      319.655    0.499     1769.810   23.561        7.170    1.010
 2005.625   8  2005      248.997    0.465      542.737    0.920       78.393    0.121       17.764    0.101       91.700    0.491      319.732    0.419     1772.253   23.414        7.310    1.140
 2005.708   9  2005      248.906    0.458      542.813    0.896       78.249    0.052       17.479    0.105       91.616    0.464      319.811    0.353     1777.228   26.690        7.520    1.350
 2005.792  10  2005      248.847    0.491      542.839    0.908       78.244    0.054       17.201    0.105       91.582    0.471      319.934    0.309     1778.147   28.094        7.440    1.480
 2005.875  11  2005      248.862    0.538      542.954    0.958       78.197    0.056       16.928    0.122       91.579    0.458      320.067    0.282     1778.010   30.121        7.330    1.590
 2005.958  12  2005      248.818    0.633      542.980    1.097       78.141    0.103       16.705    0.190       91.537    0.481      320.126    0.289     1780.282   35.967        7.550    1.840
 2006.042   1  2006      248.625    0.602      542.878    1.066       78.097    0.121       16.480    0.219       91.457    0.396      320.220    0.279     1780.445   36.063        7.310    1.890
 2006.125   2  2006      248.439    0.606      542.777    1.037       78.107    0.089       16.241    0.236       91.391    0.320      320.332    0.280     1780.328   35.497        7.170    1.820
 2006.208   3  2006      247.897    0.681      542.356    1.014       78.036    0.076       16.009    0.252       91.234    0.348      320.267    0.344     1772.803   37.514        6.730    1.740
 2006.292   4  2006      247.592    0.699      542.019    1.010       77.949    0.066       15.851    0.284       91.131    0.398      320.220    0.376     1772.047   36.402        6.820    1.660
 2006.375   5  2006      247.423    0.597      541.901    0.862       77.961    0.064       15.662    0.264       91.099    0.398      320.339    0.342     1773.774   32.035        6.780    1.440
 2006.458   6  2006      247.031    0.573      541.525    0.774       77.832    0.075       15.399    0.199       90.911    0.447      320.271    0.354     1770.999   28.219        6.800    1.140
 2006.542   7  2006      246.832    0.543      541.300    0.710       77.852    0.102       15.077    0.090       90.735    0.435      320.364    0.373     1768.909   23.093        6.950    1.080
 2006.625   8  2006      246.513    0.505      540.973    0.645       77.533    0.109       14.806    0.096       90.469    0.384      320.316    0.343     1769.934   22.241        7.200    1.130
 2006.708   9  2006      246.435    0.508      540.935    0.615       77.552    0.070       14.560    0.122       90.374    0.368      320.404    0.287     1774.020   24.597        7.330    1.280
 2006.792  10  2006      246.421    0.645      540.959    0.783       77.548    0.049       14.371    0.119       90.332    0.410      320.492    0.310     1775.411   25.895        7.470    1.510
 2006.875  11  2006      246.426    0.640      540.908    0.837       77.566    0.041       14.147    0.082       90.347    0.469      320.596    0.324     1776.999   31.046        7.270    1.560
 2006.958  12  2006      246.432    0.700      540.932    0.922       77.546    0.044       13.995    0.096       90.343    0.433      320.762    0.329     1778.623   34.667        7.490    1.870
 2007.042   1  2007      246.246    0.701      540.728    0.979       77.506    0.057       13.740    0.149       90.189    0.380      320.863    0.410     1774.415   37.805        7.270    1.900
 2007.125   2  2007      246.219    0.608      540.716    0.842       77.498    0.073       13.549    0.199       90.185    0.294      321.005    0.333     1778.396   35.442        7.360    1.750
 2007.208   3  2007      245.972    0.683      540.433    0.942       77.388    0.070       13.416    0.213       90.061    0.325      320.992    0.396     1779.458   36.436        7.360    1.740
 2007.292   4  2007      245.711    0.750      540.128    1.020       77.199    0.063       13.240    0.233       89.957    0.370      321.031    0.525     1777.670   36.667        7.090    1.620
 2007.375   5  2007      245.516    0.773      539.836    0.954       77.097    0.067       13.052    0.212       89.916    0.431      321.059    0.557     1779.740   33.668        7.240    1.460
 2007.458   6  2007      245.275    0.785      539.225    0.966       76.944    0.086       12.825    0.151       89.695    0.478      320.964    0.539     1778.049   28.361        7.350    1.180
 2007.542   7  2007      245.111    0.692      539.117    0.813       76.847    0.139       12.586    0.096       89.607    0.458      320.961    0.441     1775.852   23.777        7.380    1.030
 2007.625   8  2007      244.865    0.552      539.018    0.739       76.839    0.124       12.352    0.068       89.584    0.441      321.036    0.386     1777.717   22.968        7.420    1.000
 2007.708   9  2007      244.720    0.564      538.879    0.758       76.776    0.131       12.131    0.071       89.383    0.419      321.204    0.393     1785.277   25.918        7.560    1.190
 2007.792  10  2007      244.718    0.558      539.047    0.689       76.783    0.128       11.922    0.082       89.421    0.406      321.430    0.316     1787.346   28.488        7.340    1.350
 2007.875  11  2007      244.761    0.583      539.086    0.723       76.807    0.074       11.737    0.098       89.470    0.387      321.685    0.269     1789.213   29.747        7.290    1.460
 2007.958  12  2007      244.558    0.646      538.863    0.797       76.723    0.070       11.626    0.136       89.379    0.405      321.686    0.295     1788.032   33.937        7.390    1.700
 2008.042   1  2008      244.463    0.611      538.788    0.772       76.792    0.046       11.500    0.168       89.317    0.350      321.857    0.258     1790.328   34.936        7.430    1.810
 2008.125   2  2008      244.213    0.613      538.534    0.809       76.776    0.054       11.350    0.217       89.169    0.307      321.875    0.297     1787.539   39.026        7.360    2.000
 2008.208   3  2008      243.894    0.637      538.145    0.828       76.645    0.079       11.195    0.233       89.039    0.327      321.828    0.325     1788.627   39.252        7.250    1.860
 2008.292   4  2008      243.628    0.631      537.817    0.800       76.588    0.071       11.018    0.175       88.947    0.322      321.888    0.403     1784.230   35.048        6.960    1.680
 2008.375   5  2008      243.497    0.604      537.654    0.729       76.525    0.047       10.935    0.152       88.897    0.340      322.029    0.428     1787.811   34.082        7.200    1.650
 2008.458   6  2008      243.312    0.523      537.471    0.628       76.435    0.053       10.777    0.145       88.826    0.386      322.078    0.353     1785.374   27.066        7.120    1.240
 2008.542   7  2008      243.034    0.579      537.165    0.685       76.367    0.063       10.645    0.090       88.681    0.482      322.045    0.411     1783.529   22.936        7.200    1.060
 2008.625   8  2008      242.836    0.518      536.902    0.604       76.252    0.089       10.437    0.067       88.527    0.480      322.048    0.355     1784.574   22.172        7.270    1.010
 2008.708   9  2008      242.754    0.523      536.826    0.597       76.196    0.092       10.298    0.076       88.415    0.448      322.189    0.335     1789.649   25.572        7.480    1.320
 2008.792  10  2008      242.879    0.554      536.978    0.599       76.189    0.053       10.147    0.073       88.527    0.439      322.378    0.283     1791.105   28.983        7.350    1.480
 2008.875  11  2008      242.969    0.658      536.966    0.657       76.197    0.047       10.026    0.069       88.595    0.473      322.552    0.255     1796.581   33.259        7.670    1.880
 2008.958  12  2008      242.914    0.653      536.887    0.673       76.176    0.042        9.865    0.074       88.539    0.427      322.693    0.247     1797.769   35.879        7.650    1.970
 2009.042   1  2009      242.663    0.560      536.704    0.663       76.139    0.052        9.738    0.106       88.417    0.348      322.792    0.246     1793.366   35.396        7.300    1.770
 2009.125   2  2009      242.389    0.555      536.373    0.632       76.022    0.090        9.601    0.128       88.306    0.290      322.757    0.235     1793.000   37.543        7.000    1.670
 2009.208   3  2009      242.064    0.549      535.925    0.624       75.965    0.100        9.465    0.153       88.161    0.322      322.717    0.254     1793.202   37.651        6.840    1.650
 2009.292   4  2009      241.781    0.588      535.572    0.669       75.847    0.079        9.308    0.150       87.916    0.283      322.704    0.349     1792.501   38.217        6.830    1.610
 2009.375   5  2009      241.573    0.579      535.318    0.644       75.778    0.077        9.149    0.151       87.808    0.302      322.785    0.385     1792.110   33.112        6.770    1.350
 2009.458   6  2009      241.378    0.612      534.997    0.648       75.682    0.050        9.023    0.109       87.658    0.349      322.725    0.395     1789.011   28.588        6.860    1.130
 2009.542   7  2009      241.170    0.524      534.791    0.544       75.619    0.042        8.884    0.073       87.555    0.345      322.790    0.363     1787.951   24.427        6.900    1.120
 2009.625   8  2009      241.066    0.513      534.548    0.475       75.540    0.044        8.742    0.058       87.371    0.353      322.834    0.312     1790.451   23.323        7.080    1.170
 2009.708   9  2009      241.091    0.606      534.494    0.512       75.489    0.051        8.602    0.061       87.199    0.322      322.970    0.303     1794.649   25.978        7.300    1.270
 2009.792  10  2009      241.019    0.722      534.399    0.668       75.475    0.044        8.498    0.062       87.140    0.340      323.099    0.373     1795.144   28.351        7.440    1.490
 2009.875  11  2009      241.031    0.668      534.302    0.649       75.488    0.042        8.402    0.062       87.063    0.346      323.220    0.308     1793.168   30.302        7.170    1.580
 2009.958  12  2009      241.050    0.690      534.285    0.702       75.537    0.050        8.298    0.058       87.039    0.394      323.346    0.302     1794.606   35.898        7.170    1.870
 2010.042   1  2010      240.915    0.661      534.145    0.734       75.509    0.042        8.142    0.093       86.972    0.361      323.488    0.313     1792.636   36.855        6.990    1.900
 2010.125   2  2010      240.556    0.720      533.743    0.850       75.404    0.082        7.992    0.113       86.786    0.371      323.485    0.397     1788.936   37.305        6.900    1.780
 2010.208   3  2010      240.402    0.640      533.558    0.722       75.346    0.076        7.860    0.143       86.716    0.322      323.531    0.346     1790.911   37.704        6.890    1.860
 2010.292   4  2010      240.288    0.620      533.471    0.717       75.312    0.075        7.789    0.145       86.713    0.334      323.652    0.336     1797.680   36.428        7.020    1.830
 2010.375   5  2010      240.086    0.568      533.292    0.682       75.226    0.047        7.683    0.140       86.621    0.376      323.714    0.337     1796.693   32.066        7.140    1.740
 2010.458   6  2010      239.816    0.482      532.940    0.533       75.135    0.066        7.572    0.109       86.455    0.405      323.716    0.315     1793.816   27.196        7.150    1.490
 2010.542   7  2010      239.540    0.448      532.619    0.488       75.004    0.088        7.458    0.072       86.263    0.419      323.771    0.348     1792.569   23.677        7.400    1.370
 2010.625   8  2010      239.207    0.406      532.157    0.443       74.886    0.101        7.353    0.046       86.056    0.415      323.685    0.257     1793.711   21.768        7.560    1.410
 2010.708   9  2010      239.051    0.479      532.019    0.538       74.826    0.072        7.249    0.045       85.957    0.432      323.793    0.293     1798.327   24.407        7.560    1.410
 2010.792  10  2010      239.116    0.590      532.087    0.596       74.826    0.063        7.139    0.049       85.963    0.472      324.038    0.232     1803.518   26.582        7.620    1.580
 2010.875  11  2010      238.967    0.677      532.017    0.601       74.865    0.066        7.071    0.052       85.982    0.455      324.142    0.220     1804.435   30.347        7.750    1.810
 2010.958  12  2010      238.858    0.702      531.836    0.666       74.819    0.070        6.992    0.059       85.924    0.449      324.238    0.223     1805.457   34.220        7.750    1.970
 2011.042   1  2011      238.664    0.680      531.618    0.728       74.776    0.053        0.000    0.000       85.851    0.398      324.357    0.218     1803.262   35.836        7.630    2.040
 2011.125   2  2011      238.447    0.645      531.325    0.752       74.772    0.071        0.000    0.000       85.766    0.323      324.419    0.231     1802.387   36.897        7.420    2.000
 2011.208   3  2011      238.215    0.658      530.988    0.779       74.666    0.057        0.000    0.000       85.671    0.364      324.378    0.273     1801.990   37.189        7.290    1.900
 2011.292   4  2011      237.923    0.651      530.811    0.740       74.700    0.056        0.000    0.000       85.639    0.350      324.444    0.323     1801.813   36.789        7.200    1.790
 2011.375   5  2011      237.710    0.682      530.710    0.721       74.690    0.080        0.000    0.000       85.529    0.426      324.564    0.400     1801.103   32.913        7.180    1.500
 2011.458   6  2011      237.381    0.637      530.317    0.633       74.606    0.099        0.000    0.000       85.379    0.451      324.553    0.368     1798.129   25.952        7.130    1.160
 2011.542   7  2011      237.069    0.621      529.998    0.557        0.000    0.000        0.000    0.000       85.216    0.462      324.625    0.382     1797.625   21.215        7.330    1.080
 2011.625   8  2011      236.899    0.487      529.886    0.359        0.000    0.000        0.000    0.000       85.102    0.394      324.690    0.298     1799.437   20.059        7.520    1.070
 2011.708   9  2011      236.889    0.512      529.772    0.381        0.000    0.000        0.000    0.000       85.020    0.365      324.837    0.302     1804.688   23.068        7.620    1.410
 2011.792  10  2011      236.837    0.638      529.657    0.527        0.000    0.000        0.000    0.000       84.981    0.449      324.917    0.345     1807.966   27.472        7.670    1.510
 2011.875  11  2011      236.820    0.646      529.566    0.548        0.000    0.000        0.000    0.000       84.953    0.417      325.130    0.306     1810.175   30.926        7.660    1.720
 2011.958  12  2011      236.653    0.716      529.362    0.662        0.000    0.000        0.000    0.000       84.867    0.425      325.195    0.355     1807.878   33.191        7.630    1.810
 2012.042   1  2012      236.556    0.688      529.276    0.657        0.000    0.000        0.000    0.000       84.806    0.409      325.352    0.291     1809.306   35.901        7.760    1.840
 2012.125   2  2012      236.471    0.598      529.094    0.594        0.000    0.000        0.000    0.000       84.746    0.345      325.483    0.245     1811.228   36.541        7.680    1.810
 2012.208   3  2012      236.184    0.624      528.710    0.651        0.000    0.000        0.000    0.000       84.626    0.372      325.456    0.296     1809.190   37.834        7.380    1.850
 2012.292   4  2012      235.996    0.557      528.458    0.517        0.000    0.000        0.000    0.000       84.549    0.376      325.506    0.298     1808.062   37.428        7.450    1.770
 2012.375   5  2012      235.574    0.627      527.909    0.651        0.000    0.000        0.000    0.000       84.302    0.461      325.436    0.472     1809.216   34.392        7.610    1.440
 2012.458   6  2012      235.417    0.492      527.767    0.558        0.000    0.000        0.000    0.000       84.222    0.418      325.531    0.439     1804.564   26.718        7.340    1.090
 2012.542   7  2012      235.148    0.328      527.309    0.278        0.000    0.000        0.000    0.000       84.032    0.383      325.556    0.344     1802.195   21.679        7.480    1.050
 2012.625   8  2012      234.965    0.305      526.939    0.185        0.000    0.000        0.000    0.000       83.897    0.359      325.581    0.255     1806.890   22.423        7.590    1.160
 2012.708   9  2012      234.940    0.397      526.785    0.224        0.000    0.000        0.000    0.000       83.785    0.370      325.658    0.252     1810.333   25.169        7.820    1.380
 2012.792  10  2012      235.008    0.486      526.944    0.186        0.000    0.000        0.000    0.000       83.777    0.402      325.864    0.192     1811.300   27.479        7.770    1.530
 2012.875  11  2012      235.065    0.609      526.883    0.278        0.000    0.000        0.000    0.000       83.855    0.470      326.000    0.175     1815.650   32.865        7.930    1.930
 2012.958  12  2012      235.012    0.685      526.750    0.417        0.000    0.000        0.000    0.000       83.832    0.474      326.116    0.227     1815.283   36.060        7.900    2.110
 2013.042   1  2013      234.839    0.710      526.537    0.537        0.000    0.000        0.000    0.000       83.734    0.428      326.234    0.281     1815.644   36.323        7.930    2.210
 2013.125   2  2013      234.574    0.705      526.255    0.601        0.000    0.000        0.000    0.000       83.607    0.374      326.295    0.354     1814.259   38.638        7.940    2.220
 2013.208   3  2013      234.389    0.661      526.092    0.647        0.000    0.000        0.000    0.000       83.508    0.349      326.397    0.383     1814.148   39.265        7.700    2.150
 2013.292   4  2013      234.103    0.659      525.813    0.741        0.000    0.000        0.000    0.000       83.416    0.412      326.407    0.451     1812.700   37.782        7.630    2.010
 2013.375   5  2013      233.930    0.649      525.558    0.700        0.000    0.000        0.000    0.000       83.337    0.448      326.451    0.468     1811.853   33.644        7.620    1.720
 2013.458   6  2013      233.887    0.698      525.138    0.559        0.000    0.000        0.000    0.000       83.277    0.489      326.504    0.444     1810.271   28.600        7.700    1.610
 2013.542   7  2013      233.706    0.610      524.779    0.383        0.000    0.000        0.000    0.000       83.112    0.454      326.656    0.469     1810.235   24.078        7.850    1.430
 2013.625   8  2013      233.397    0.560      524.446    0.244        0.000    0.000        0.000    0.000       82.980    0.402      326.565    0.269     1810.341   22.010        7.540    1.260
 2013.708   9  2013      233.346    0.593      524.277    0.252        0.000    0.000        0.000    0.000       82.836    0.396      326.640    0.244     1814.335   24.182        7.790    1.420
 2013.792  10  2013      233.432    0.758      524.258    0.408        0.000    0.000        0.000    0.000       82.754    0.408      326.854    0.325     1818.392   28.207        8.180    1.900
 2013.875  11  2013      233.438    0.856      524.073    0.453        0.000    0.000        0.000    0.000       82.739    0.433      326.945    0.310     1819.765   32.854        8.440    2.270
 2013.958  12  2013      233.375    0.867      523.954    0.566        0.000    0.000        0.000    0.000       82.693    0.393      327.043    0.291     1820.616   36.421        8.720    2.670
 2014.042   1  2014      233.272    0.789      523.805    0.613        0.000    0.000        0.000    0.000       82.635    0.328      327.210    0.293     1821.730   36.403        8.680    2.580
 2014.125   2  2014      232.937    0.765      523.685    0.825        0.000    0.000        0.000    0.000       82.520    0.281      327.265    0.387     1817.854   38.758        8.390    2.460
 2014.208   3  2014      232.725    0.767      523.375    0.862        0.000    0.000        0.000    0.000       82.413    0.303      327.310    0.447     1817.878   36.605        8.210    2.270
 2014.292   4  2014      232.509    0.919      522.957    0.989        0.000    0.000        0.000    0.000       82.300    0.392      327.325    0.572     1819.889   39.129        8.620    2.570
 2014.375   5  2014      232.337    0.959      522.867    0.827        0.000    0.000        0.000    0.000       82.312    0.370      327.408    0.554     1819.453   33.866        8.540    2.230
 2014.458   6  2014      232.214    1.015      522.630    0.754        0.000    0.000        0.000    0.000       82.251    0.392      327.570    0.589     1820.220   27.973        8.490    1.900
 2014.542   7  2014      232.182    0.887      522.520    0.587        0.000    0.000        0.000    0.000       82.182    0.352      327.737    0.492     1819.780   22.488        8.300    1.580
 2014.625   8  2014      231.903    0.843      522.337    0.452        0.000    0.000        0.000    0.000       82.080    0.406      327.753    0.435     1822.840   23.381        8.290    1.480
 2014.708   9  2014      231.864    0.938      522.260    0.475        0.000    0.000        0.000    0.000       81.992    0.421      327.868    0.435     1827.573   27.557        8.630    1.820
 2014.792  10  2014      231.903    0.999      522.153    0.482        0.000    0.000        0.000    0.000       81.935    0.427      327.999    0.411     1828.177   28.240        8.810    2.140
 2014.875  11  2014      231.992    1.076      522.039    0.524        0.000    0.000        0.000    0.000       81.924    0.423      328.059    0.344     1832.872   33.513        9.010    2.460
 2014.958  12  2014      231.794    1.117      521.745    0.589        0.000    0.000        0.000    0.000       81.809    0.429      328.103    0.355     1830.214   36.752        8.680    2.530
 2015.042   1  2015      231.737    0.969      521.585    0.527        0.000    0.000        0.000    0.000       81.851    0.299      328.277    0.281     1831.113   36.514        8.730    2.620
 2015.125   2  2015      231.492    0.929      521.307    0.539        0.000    0.000        0.000    0.000       81.755    0.258      328.319    0.321     1829.946   37.297        8.470    2.470
 2015.208   3  2015      231.296    0.910      520.970    0.588        0.000    0.000        0.000    0.000       81.643    0.275      328.340    0.359     1832.246   36.843        8.410    2.320
 2015.292   4  2015      231.204    0.855      520.622    0.602        0.000    0.000        0.000    0.000       81.460    0.346      328.437    0.406     1832.573   38.128        8.310    2.340
 2015.375   5  2015      230.962    0.904      520.178    0.600        0.000    0.000        0.000    0.000       81.289    0.372      328.422    0.504     1830.489   34.724        8.790    2.390
 2015.458   6  2015      230.778    0.889      519.723    0.512        0.000    0.000        0.000    0.000       81.164    0.395      328.439    0.486     1831.081   29.581        8.790    2.060
 2015.542   7  2015      230.513    0.785      519.284    0.327        0.000    0.000        0.000    0.000       80.976    0.399      328.409    0.406     1830.867   24.575        8.650    1.740
 2015.625   8  2015      230.392    0.752      518.950    0.246        0.000    0.000        0.000    0.000       80.798    0.388      328.413    0.336     1833.091   23.330        8.550    1.600
 2015.708   9  2015      230.403    0.794      518.820    0.284        0.000    0.000        0.000    0.000       80.715    0.380      328.548    0.345     1836.476   26.271        8.750    1.850
 2015.792  10  2015      230.500    0.965      518.696    0.381        0.000    0.000        0.000    0.000       80.664    0.415      328.707    0.385     1837.242   27.614        9.050    2.140
 2015.875  11  2015      230.618    1.053      518.536    0.444        0.000    0.000        0.000    0.000       80.689    0.424      328.809    0.371     1841.364   34.018        9.010    2.510
 2015.958  12  2015      230.516    1.037      518.410    0.574        0.000    0.000        0.000    0.000       80.630    0.407      328.964    0.402     1841.678   37.171        9.100    2.750
 2016.042   1  2016      230.316    1.012      518.071    0.638        0.000    0.000        0.000    0.000       80.518    0.375      329.020    0.424     1838.550   39.353        8.770    2.720
 2016.125   2  2016      230.186    0.943      517.766    0.576        0.000    0.000        0.000    0.000       80.388    0.318      329.122    0.421     1838.470   41.362        8.640    2.690
 2016.208   3  2016      229.991    0.891      517.416    0.594        0.000    0.000        0.000    0.000       80.302    0.307      329.134    0.430     1838.622   38.725        8.580    2.420
 2016.292   4  2016      229.769    0.971      516.990    0.629        0.000    0.000        0.000    0.000       80.171    0.336      329.135    0.525     1838.856   36.342        8.910    2.480
 2016.375   5  2016      229.608    1.074      516.552    0.644        0.000    0.000        0.000    0.000       80.080    0.391      329.182    0.596     1840.670   33.981        9.040    2.310
 2016.458   6  2016      229.426    1.091      516.108    0.612        0.000    0.000        0.000    0.000       79.982    0.434      329.186    0.620     1838.960   28.856        8.990    1.990
 2016.542   7  2016      229.378    0.939      515.740    0.381        0.000    0.000        0.000    0.000       79.902    0.393      329.321    0.527     1839.373   25.115        8.550    1.570
 2016.625   8  2016      229.244    0.798      515.433    0.171        0.000    0.000        0.000    0.000       79.711    0.343      329.460    0.395     1840.471   24.997        8.680    1.750
 2016.708   9  2016      229.141    0.788      514.971    0.106        0.000    0.000        0.000    0.000       79.571    0.332      329.480    0.318     1846.539   29.140        9.030    2.030
 2016.792  10  2016      229.233    0.948      514.884    0.301        0.000    0.000        0.000    0.000       79.545    0.385      329.640    0.376     1846.661   30.244        8.880    2.240
 2016.875  11  2016      229.329    1.082      514.705    0.455        0.000    0.000        0.000    0.000       79.471    0.415      329.701    0.385     1846.720   34.319        9.080    2.620
 2016.958  12  2016      229.372    1.150      514.611    0.549        0.000    0.000        0.000    0.000       79.476    0.428      329.862    0.388     1849.182   39.295        9.790    3.150
 2017.042   1  2017      229.266    1.047      514.424    0.554        0.000    0.000        0.000    0.000       79.424    0.377      329.976    0.337     1852.609   40.980       10.010    3.160
 2017.125   2  2017      228.945    0.961      514.104    0.577        0.000    0.000        0.000    0.000       79.315    0.367      330.008    0.368     1847.462   37.106        9.890    2.530
 2017.208   3  2017      228.622    1.006      513.697    0.611        0.000    0.000        0.000    0.000       79.171    0.389      329.934    0.435     1842.906   39.393        9.410    3.120
 2017.292   4  2017      228.509    0.985      513.401    0.585        0.000    0.000        0.000    0.000       79.117    0.404      330.021    0.491     1846.324   37.681        9.360    2.940
 2017.375   5  2017      228.367    1.039      513.071    0.518        0.000    0.000        0.000    0.000       79.070    0.426      330.076    0.498     1843.812   32.773        9.510    2.780
 2017.458   6  2017      228.244    1.017      512.655    0.394        0.000    0.000        0.000    0.000       78.976    0.520      330.093    0.491     1839.656   26.423        9.460    2.270
 2017.542   7  2017      228.310    1.016      512.404    0.225        0.000    0.000        0.000    0.000       78.944    0.522      330.285    0.464     1841.779   23.026        9.950    2.100
 2017.625   8  2017      228.240    1.037      512.128    0.138        0.000    0.000        0.000    0.000       78.825    0.516      330.417    0.465     1842.743   20.502        9.870    1.990
 2017.708   9  2017      228.122    0.889      512.081    0.131        0.000    0.000        0.000    0.000       78.769    0.464      330.521    0.347     1854.993   29.623        9.660    2.150
 2017.792  10  2017      228.363    0.953      512.094    0.164        0.000    0.000        0.000    0.000       78.791    0.491      330.740    0.301     1856.310   30.152       10.000    2.670
 2017.875  11  2017      228.388    1.002      511.997    0.308        0.000    0.000        0.000    0.000       78.811    0.467      330.892    0.299     1856.133   32.850        9.950    2.910
 2017.958  12  2017      228.371    1.011      511.931    0.423        0.000    0.000        0.000    0.000       78.792    0.454      331.043    0.292     1851.996   34.136        9.980    3.360
 2018.042   1  2018      228.197    0.946      511.755    0.519        0.000    0.000        0.000    0.000       78.702    0.408      331.139    0.298     1850.948   35.812        9.880    3.400
 2018.125   2  2018      228.116    0.957      511.535    0.580        0.000    0.000        0.000    0.000       78.640    0.399      331.211    0.304     1851.618   36.486       10.230    3.560
 2018.208   3  2018      227.927    0.798      511.314    0.515        0.000    0.000        0.000    0.000       78.590    0.367      331.340    0.317     1857.624   38.520        9.510    2.980
